-0.0933 -0.3585 0.9289
-0.1353 -0.1392 0.9810
-0.1099 -0.1324 0.9851
-0.0748 -0.0296 0.9968
-0.0767 0.1165 0.9902
-0.0735 0.1989 0.9773
-0.0561 0.2572 0.9647
-0.0104 0.3036 0.9528
-0.2462 -0.2513 0.9361
-0.1548 -0.1443 0.9774
-0.1459 -0.1348 0.9801
-0.1535 -0.0319 0.9876
-0.1815 0.0968 0.9786
-0.2317 0.2005 0.9519
-0.1291 0.2634 0.9560
-0.2417 0.3165 0.9173
-0.2947 -0.2627 0.9188
-0.2962 -0.1586 0.9419
-0.3219 -0.1383 0.9366
-0.3375 -0.0296 0.9409
-0.3586 0.0569 0.9317
-0.3173 0.2285 0.9204
-0.3595 0.2432 0.9009
-0.3136 0.3152 0.8957
-0.3353 -0.2519 0.9078
-0.3530 -0.3188 0.8796
-0.3454 -0.0958 0.9336
-0.3919 -0.0369 0.9193
-0.4166 0.0592 0.9071
-0.4114 0.2211 0.8842
-0.3660 0.2741 0.8893
-0.4099 0.3124 0.8570
-0.3696 -0.2392 0.8979
-0.4051 -0.3061 0.8615
-0.4899 -0.1766 0.8537
-0.4661 -0.0440 0.8836
-0.4877 0.0583 0.8710
-0.4693 0.1954 0.8612
-0.4377 0.2550 0.8622
-0.3812 0.3149 0.8692
-0.3637 -0.2209 0.9049
-0.4289 -0.2904 0.8554
-0.5170 -0.1609 0.8407
-0.5287 -0.0909 0.8440
-0.4910 0.0714 0.8682
-0.4866 0.1254 0.8646
-0.4706 0.2543 0.8449
-0.4566 0.3101 0.8338
0.0263 -0.3216 0.9465
-0.0079 -0.3351 0.9422
0.2349 -0.1880 0.9537
-0.0526 -0.0288 0.9982
-0.0275 0.1168 0.9928
-0.0166 0.1995 0.9797
0.0278 0.2760 0.9607
-0.2107 0.2724 0.9388
0.0666 -0.3280 0.9423
0.0728 -0.3136 0.9467
0.2584 -0.1750 0.9501
0.2554 -0.1469 0.9556
0.3327 0.0454 0.9420
0.0162 0.2382 0.9711
0.0449 0.2693 0.9620
0.0711 0.2733 0.9593
0.3349 -0.2780 0.9003
0.3236 -0.2364 0.9162
0.2909 -0.1885 0.9380
0.3499 -0.0702 0.9341
0.3602 0.0482 0.9316
0.3772 0.1188 0.9185
0.1795 0.2778 0.9437
0.1758 0.2881 0.9413
0.4082 -0.2686 0.8725
0.4354 -0.2524 0.8641
0.4267 -0.1712 0.8881
0.4174 -0.0863 0.9046
0.4295 0.0745 0.9000
0.4330 0.1714 0.8849
0.4395 0.2509 0.8625
0.4257 0.2490 0.8699
0.4465 -0.2456 0.8604
0.4871 -0.2594 0.8339
0.4987 -0.1696 0.8500
0.4715 -0.1024 0.8759
0.4706 0.0198 0.8821
0.4794 0.1716 0.8607
0.4849 0.2132 0.8482
0.4835 0.2216 0.8468
0.4884 -0.2585 0.8335
0.5042 -0.2376 0.8303
0.5065 -0.1839 0.8424
0.5181 -0.0694 0.8525
0.5132 0.0376 0.8575
0.5042 0.1726 0.8462
0.4980 0.1964 0.8446
0.4636 0.2592 0.8473
